0.083732 150
0.667275 1
0.127273 1
0.135145 1
0.145352 1
0.347257 2
0.002661 18
1.434842 29
0.000928 16
0.000697 150
0.899741 1
0.385006 1
0.280187 1
0.159725 1
0.312899 1
0.279305 1
0.392436 1
0.694342 8
0.397183 2
0.002333 112
0.000311 62
1.443789 64
1.199897 62
1.301091 64
1.178326 62
1.420895 62
0.000096 2
1.549052 60
0.000235 2
1.709138 62
0.000132 2
1.302155 60
0.000170 2
1.614800 63
0.000121 2
1.613753 63
1.658057 63
0.000037 2
1.389338 61
0.000308 2
1.510502 65
1.280380 63
1.558026 65
1.645696 63
1.170132 65
1.429128 63
1.559752 65
1.464564 63
1.326503 65
1.409419 63
1.601856 65
1.205618 63
1.544423 65
1.442329 63
1.258960 65
1.350685 63
1.457041 65
1.386378 63
1.435830 63
0.000043 2
1.125348 150
0.560259 1
0.136205 1
0.328869 1
1.248512 4
0.403673 2
0.002601 635
0.000019 146
0.000116 595
0.000110 274
0.001250 150
1.688499 1
0.335927 1
0.194580 1
0.197100 1
0.267866 2
0.000132 6
